   5.79495233672625         cutoff radius
         162    number of vectors
vector:                   1                   1                   1                   1
      0.000000000000      0.000000000000      0.000000000000
force constant matrix:
     14.950081481382      0.000000000000      0.000000000000
      0.000000000000     14.950081481382      0.000000000000
      0.000000000000      0.000000000000     12.475360763473
vector:                   1                   2                   1                   1
      1.218201242669      0.703328815382      1.949121990219
force constant matrix:
     -1.169224156394     -0.527061034517     -1.459390656411
     -0.527061034517     -0.560626496078     -0.842579588332
     -1.459390656411     -0.842579588332     -1.388702202111
vector:                   2                   1                   1                   1
     -1.218201242669     -0.703328815382     -1.949121990219
force constant matrix:
     -1.169224156394     -0.527061034517     -1.459390656411
     -0.527061034517     -0.560626496078     -0.842579588332
     -1.459390656411     -0.842579588332     -1.388702202111
vector:                   2                   2                   1                   1
      0.000000000000      0.000000000000      0.000000000000
force constant matrix:
     14.950081481382      0.000000000000      0.000000000000
      0.000000000000     14.950081481382      0.000000000000
      0.000000000000      0.000000000000     12.475360763473
vector:                   1                   1                   2                   1
     -2.436402487774      0.000000000000      0.000000000000
force constant matrix:
     -2.779280901915     -0.324191876015      0.000000000000
      0.324191876015     -0.022411763584      0.000000000000
      0.000000000000      0.000000000000      0.137048887315
vector:                   1                   2                   2                   1
     -1.218201245105      0.703328815382      1.949121990219
force constant matrix:
     -1.169224156394      0.527061034517      1.459390656411
      0.527061034517     -0.560626496078     -0.842579588332
      1.459390656411     -0.842579588332     -1.388702202111
vector:                   2                   1                   2                   2
     -3.654603730442     -0.703328815382     -1.949121990219
force constant matrix:
     -0.086638539015      0.000000000000      0.000000000000
      0.000000000000      0.007033969780     -0.042488255425
      0.000000000000     -0.042488255425     -0.068957330877
vector:                   2                   2                   2                   1
     -2.436402487774      0.000000000000      0.000000000000
force constant matrix:
     -2.779280901915      0.324191876015      0.000000000000
     -0.324191876015     -0.022411763584      0.000000000000
      0.000000000000      0.000000000000      0.137048887315
vector:                   1                   1                   3                   1
      2.436402487774      0.000000000000      0.000000000000
force constant matrix:
     -2.779280901915      0.324191876015      0.000000000000
     -0.324191876015     -0.022411763584      0.000000000000
      0.000000000000      0.000000000000      0.137048887315
vector:                   1                   2                   3                   2
      3.654603730442      0.703328815382      1.949121990219
force constant matrix:
     -0.086638539015      0.000000000000      0.000000000000
      0.000000000000      0.007033969780     -0.042488255425
      0.000000000000     -0.042488255425     -0.068957330877
vector:                   2                   1                   3                   1
      1.218201245105     -0.703328815382     -1.949121990219
force constant matrix:
     -1.169224156394      0.527061034517      1.459390656411
      0.527061034517     -0.560626496078     -0.842579588332
      1.459390656411     -0.842579588332     -1.388702202111
vector:                   2                   2                   3                   1
      2.436402487774      0.000000000000      0.000000000000
force constant matrix:
     -2.779280901915     -0.324191876015      0.000000000000
      0.324191876015     -0.022411763584      0.000000000000
      0.000000000000      0.000000000000      0.137048887315
vector:                   1                   1                   4                   1
     -1.218201243887      2.109986448256      0.000000000000
force constant matrix:
     -0.711629048167      1.517951230366      0.000000000000
      0.869567478337     -2.090063617332      0.000000000000
      0.000000000000      0.000000000000      0.137048887315
vector:                   1                   2                   4                   1
     -0.000000001218      2.813315263638      1.949121990219
force constant matrix:
      0.140165932432      0.000000000000      0.000000000000
      0.000000000000     -0.182989666199     -0.417590605372
      0.000000000000     -0.417590605372     -0.370840051894
vector:                   2                   1                   4                   1
     -2.436402486556      1.406657632874     -1.949121990219
force constant matrix:
     -0.102200766542      0.139930478895     -0.361644072634
      0.139930478895      0.059377032774      0.208795302686
     -0.361644072634      0.208795302686     -0.370840051894
vector:                   2                   2                   4                   1
     -1.218201243887      2.109986448256      0.000000000000
force constant matrix:
     -0.711629048167      0.869567478337      0.000000000000
      1.517951230366     -2.090063617332      0.000000000000
      0.000000000000      0.000000000000      0.137048887315
vector:                   1                   1                   5                   1
     -1.218201243887     -2.109986448256      0.000000000000
force constant matrix:
     -0.711629048167     -0.869567478337      0.000000000000
     -1.517951230366     -2.090063617332      0.000000000000
      0.000000000000      0.000000000000      0.137048887315
vector:                   1                   2                   5                   1
     -0.000000001218     -1.406657632874      1.949121990219
force constant matrix:
     -0.256327665921      0.000000000000      0.000000000000
      0.000000000000     -1.473522986551      1.685159176663
      0.000000000000      1.685159176663     -1.388702202111
vector:                   2                   1                   5                   2
     -2.436402486556     -2.813315263638     -1.949121990219
force constant matrix:
     -0.016384157419     -0.040561386126     -0.036795908561
     -0.040561386126     -0.063220411816      0.021244127713
     -0.036795908561      0.021244127713     -0.068957330877
vector:                   2                   2                   5                   1
     -1.218201243887     -2.109986448256      0.000000000000
force constant matrix:
     -0.711629048167     -1.517951230366      0.000000000000
     -0.869567478337     -2.090063617332      0.000000000000
      0.000000000000      0.000000000000      0.137048887315
vector:                   1                   1                   6                   1
      1.218201243887      2.109986448256      0.000000000000
force constant matrix:
     -0.711629048167     -1.517951230366      0.000000000000
     -0.869567478337     -2.090063617332      0.000000000000
      0.000000000000      0.000000000000      0.137048887315
vector:                   1                   2                   6                   2
      2.436402486556      2.813315263638      1.949121990219
force constant matrix:
     -0.016384157419     -0.040561386126     -0.036795908561
     -0.040561386126     -0.063220411816      0.021244127713
     -0.036795908561      0.021244127713     -0.068957330877
vector:                   2                   1                   6                   1
      0.000000001218      1.406657632874     -1.949121990219
force constant matrix:
     -0.256327665921      0.000000000000      0.000000000000
      0.000000000000     -1.473522986551      1.685159176663
      0.000000000000      1.685159176663     -1.388702202111
vector:                   2                   2                   6                   1
      1.218201243887      2.109986448256      0.000000000000
force constant matrix:
     -0.711629048167     -0.869567478337      0.000000000000
     -1.517951230366     -2.090063617332      0.000000000000
      0.000000000000      0.000000000000      0.137048887315
vector:                   1                   1                   7                   1
      1.218201243887     -2.109986448256      0.000000000000
force constant matrix:
     -0.711629048167      0.869567478337      0.000000000000
      1.517951230366     -2.090063617332      0.000000000000
      0.000000000000      0.000000000000      0.137048887315
vector:                   1                   2                   7                   1
      2.436402486556     -1.406657632874      1.949121990219
force constant matrix:
     -0.102200766542      0.139930478895     -0.361644072634
      0.139930478895      0.059377032774      0.208795302686
     -0.361644072634      0.208795302686     -0.370840051894
vector:                   2                   1                   7                   1
      0.000000001218     -2.813315263638     -1.949121990219
force constant matrix:
      0.140165932432      0.000000000000      0.000000000000
      0.000000000000     -0.182989666199     -0.417590605372
      0.000000000000     -0.417590605372     -0.370840051894
vector:                   2                   2                   7                   1
      1.218201243887     -2.109986448256      0.000000000000
force constant matrix:
     -0.711629048167      1.517951230366      0.000000000000
      0.869567478337     -2.090063617332      0.000000000000
      0.000000000000      0.000000000000      0.137048887315
vector:                   1                   1                   8                   2
      0.000000000000      0.000000000000     -3.898243980438
force constant matrix:
     -0.071149736323      0.000000000000      0.000000000000
      0.000000000000     -0.071149736323      0.000000000000
      0.000000000000      0.000000000000     -0.753255828710
vector:                   1                   2                   8                   1
      1.218201242669      0.703328815382     -1.949121990219
force constant matrix:
     -1.169224156394     -0.527061034517      1.459390656411
     -0.527061034517     -0.560626496078      0.842579588332
      1.459390656411      0.842579588332     -1.388702202111
vector:                   2                   2                   8                   2
      0.000000000000      0.000000000000     -3.898243980438
force constant matrix:
     -0.071149736323      0.000000000000      0.000000000000
      0.000000000000     -0.071149736323      0.000000000000
      0.000000000000      0.000000000000     -0.753255828710
vector:                   1                   1                   9                   2
      0.000000000000      0.000000000000      3.898243980438
force constant matrix:
     -0.071149736323      0.000000000000      0.000000000000
      0.000000000000     -0.071149736323      0.000000000000
      0.000000000000      0.000000000000     -0.753255828710
vector:                   2                   1                   9                   1
     -1.218201242669     -0.703328815382      1.949121990219
force constant matrix:
     -1.169224156394     -0.527061034517      1.459390656411
     -0.527061034517     -0.560626496078      0.842579588332
      1.459390656411      0.842579588332     -1.388702202111
vector:                   2                   2                   9                   2
      0.000000000000      0.000000000000      3.898243980438
force constant matrix:
     -0.071149736323      0.000000000000      0.000000000000
      0.000000000000     -0.071149736323      0.000000000000
      0.000000000000      0.000000000000     -0.753255828710
vector:                   1                   1                  10                   3
     -3.654603731661      2.109986448256      0.000000000000
force constant matrix:
     -0.137902797125      0.000000000000      0.000000000000
      0.000000000000     -0.137902797125      0.000000000000
      0.000000000000      0.000000000000      0.000074820013
vector:                   1                   2                  10                   2
     -2.436402488992      2.813315263638      1.949121990219
force constant matrix:
     -0.016384157419      0.040561386126      0.036795908561
      0.040561386126     -0.063220411816      0.021244127713
      0.036795908561      0.021244127713     -0.068957330877
vector:                   2                   1                  10                   0
     -4.872804974329      1.406657632874     -1.949121990219
force constant matrix:
      0.000000000000      0.000000000000      0.000000000000
      0.000000000000      0.000000000000      0.000000000000
      0.000000000000      0.000000000000      0.000000000000
vector:                   2                   2                  10                   3
     -3.654603731661      2.109986448256      0.000000000000
force constant matrix:
     -0.137902797125      0.000000000000      0.000000000000
      0.000000000000     -0.137902797125      0.000000000000
      0.000000000000      0.000000000000      0.000074820013
vector:                   1                   1                  11                   3
     -3.654603731661     -2.109986448256      0.000000000000
force constant matrix:
     -0.137902797125      0.000000000000      0.000000000000
      0.000000000000     -0.137902797125      0.000000000000
      0.000000000000      0.000000000000      0.000074820013
vector:                   1                   2                  11                   1
     -2.436402488992     -1.406657632874      1.949121990219
force constant matrix:
     -0.102200766542     -0.139930478895      0.361644072634
     -0.139930478895      0.059377032774      0.208795302686
      0.361644072634      0.208795302686     -0.370840051894
vector:                   2                   2                  11                   3
     -3.654603731661     -2.109986448256      0.000000000000
force constant matrix:
     -0.137902797125      0.000000000000      0.000000000000
      0.000000000000     -0.137902797125      0.000000000000
      0.000000000000      0.000000000000      0.000074820013
vector:                   1                   1                  12                   3
      3.654603731661      2.109986448256      0.000000000000
force constant matrix:
     -0.137902797125      0.000000000000      0.000000000000
      0.000000000000     -0.137902797125      0.000000000000
      0.000000000000      0.000000000000      0.000074820013
vector:                   2                   1                  12                   1
      2.436402488992      1.406657632874     -1.949121990219
force constant matrix:
     -0.102200766542     -0.139930478895      0.361644072634
     -0.139930478895      0.059377032774      0.208795302686
      0.361644072634      0.208795302686     -0.370840051894
vector:                   2                   2                  12                   3
      3.654603731661      2.109986448256      0.000000000000
force constant matrix:
     -0.137902797125      0.000000000000      0.000000000000
      0.000000000000     -0.137902797125      0.000000000000
      0.000000000000      0.000000000000      0.000074820013
vector:                   1                   1                  13                   3
      3.654603731661     -2.109986448256      0.000000000000
force constant matrix:
     -0.137902797125      0.000000000000      0.000000000000
      0.000000000000     -0.137902797125      0.000000000000
      0.000000000000      0.000000000000      0.000074820013
vector:                   1                   2                  13                   0
      4.872804974329     -1.406657632874      1.949121990219
force constant matrix:
      0.000000000000      0.000000000000      0.000000000000
      0.000000000000      0.000000000000      0.000000000000
      0.000000000000      0.000000000000      0.000000000000
vector:                   2                   1                  13                   2
      2.436402488992     -2.813315263638     -1.949121990219
force constant matrix:
     -0.016384157419      0.040561386126      0.036795908561
      0.040561386126     -0.063220411816      0.021244127713
      0.036795908561      0.021244127713     -0.068957330877
vector:                   2                   2                  13                   3
      3.654603731661     -2.109986448256      0.000000000000
force constant matrix:
     -0.137902797125      0.000000000000      0.000000000000
      0.000000000000     -0.137902797125      0.000000000000
      0.000000000000      0.000000000000      0.000074820013
vector:                   1                   1                  14                   3
      0.000000000000      4.219972896511      0.000000000000
force constant matrix:
     -0.137902797125      0.000000000000      0.000000000000
      0.000000000000     -0.137902797125      0.000000000000
      0.000000000000      0.000000000000      0.000074820013
vector:                   1                   2                  14                   0
      1.218201242669      4.923301711893      1.949121990219
force constant matrix:
      0.000000000000      0.000000000000      0.000000000000
      0.000000000000      0.000000000000      0.000000000000
      0.000000000000      0.000000000000      0.000000000000
vector:                   2                   1                  14                   2
     -1.218201242669      3.516644081129     -1.949121990219
force constant matrix:
     -0.016384157419      0.040561386126      0.036795908561
      0.040561386126     -0.063220411816      0.021244127713
      0.036795908561      0.021244127713     -0.068957330877
vector:                   2                   2                  14                   3
      0.000000000000      4.219972896511      0.000000000000
force constant matrix:
     -0.137902797125      0.000000000000      0.000000000000
      0.000000000000     -0.137902797125      0.000000000000
      0.000000000000      0.000000000000      0.000074820013
vector:                   1                   1                  15                   3
      0.000000000000     -4.219972896511      0.000000000000
force constant matrix:
     -0.137902797125      0.000000000000      0.000000000000
      0.000000000000     -0.137902797125      0.000000000000
      0.000000000000      0.000000000000      0.000074820013
vector:                   1                   2                  15                   2
      1.218201242669     -3.516644081129      1.949121990219
force constant matrix:
     -0.016384157419      0.040561386126      0.036795908561
      0.040561386126     -0.063220411816      0.021244127713
      0.036795908561      0.021244127713     -0.068957330877
vector:                   2                   1                  15                   0
     -1.218201242669     -4.923301711893     -1.949121990219
force constant matrix:
      0.000000000000      0.000000000000      0.000000000000
      0.000000000000      0.000000000000      0.000000000000
      0.000000000000      0.000000000000      0.000000000000
vector:                   2                   2                  15                   3
      0.000000000000     -4.219972896511      0.000000000000
force constant matrix:
     -0.137902797125      0.000000000000      0.000000000000
      0.000000000000     -0.137902797125      0.000000000000
      0.000000000000      0.000000000000      0.000074820013
vector:                   1                   1                  16                   2
     -2.436402487774      0.000000000000     -3.898243980438
force constant matrix:
     -0.017607539352      0.011990620606      0.000000000000
     -0.011990620606      0.032946535271      0.000000000000
      0.000000000000      0.000000000000     -0.006990326962
vector:                   1                   2                  16                   1
     -1.218201245105      0.703328815382     -1.949121990219
force constant matrix:
     -1.169224156394      0.527061034517     -1.459390656411
      0.527061034517     -0.560626496078      0.842579588332
     -1.459390656411      0.842579588332     -1.388702202111
vector:                   2                   2                  16                   2
     -2.436402487774      0.000000000000     -3.898243980438
force constant matrix:
     -0.017607539352     -0.011990620606      0.000000000000
      0.011990620606      0.032946535271      0.000000000000
      0.000000000000      0.000000000000     -0.006990326962
vector:                   1                   1                  17                   2
     -2.436402487774      0.000000000000      3.898243980438
force constant matrix:
     -0.017607539352      0.011990620606      0.000000000000
     -0.011990620606      0.032946535271      0.000000000000
      0.000000000000      0.000000000000     -0.006990326962
vector:                   2                   1                  17                   2
     -3.654603730442     -0.703328815382      1.949121990219
force constant matrix:
     -0.086638539015      0.000000000000      0.000000000000
      0.000000000000      0.007033969780      0.042488255425
      0.000000000000      0.042488255425     -0.068957330877
vector:                   2                   2                  17                   2
     -2.436402487774      0.000000000000      3.898243980438
force constant matrix:
     -0.017607539352     -0.011990620606      0.000000000000
      0.011990620606      0.032946535271      0.000000000000
      0.000000000000      0.000000000000     -0.006990326962
vector:                   1                   1                  18                   2
      2.436402487774      0.000000000000     -3.898243980438
force constant matrix:
     -0.017607539352     -0.011990620606      0.000000000000
      0.011990620606      0.032946535271      0.000000000000
      0.000000000000      0.000000000000     -0.006990326962
vector:                   1                   2                  18                   2
      3.654603730442      0.703328815382     -1.949121990219
force constant matrix:
     -0.086638539015      0.000000000000      0.000000000000
      0.000000000000      0.007033969780      0.042488255425
      0.000000000000      0.042488255425     -0.068957330877
vector:                   2                   2                  18                   2
      2.436402487774      0.000000000000     -3.898243980438
force constant matrix:
     -0.017607539352      0.011990620606      0.000000000000
     -0.011990620606      0.032946535271      0.000000000000
      0.000000000000      0.000000000000     -0.006990326962
vector:                   1                   1                  19                   2
      2.436402487774      0.000000000000      3.898243980438
force constant matrix:
     -0.017607539352     -0.011990620606      0.000000000000
      0.011990620606      0.032946535271      0.000000000000
      0.000000000000      0.000000000000     -0.006990326962
vector:                   2                   1                  19                   1
      1.218201245105     -0.703328815382      1.949121990219
force constant matrix:
     -1.169224156394      0.527061034517     -1.459390656411
      0.527061034517     -0.560626496078      0.842579588332
     -1.459390656411      0.842579588332     -1.388702202111
vector:                   2                   2                  19                   2
      2.436402487774      0.000000000000      3.898243980438
force constant matrix:
     -0.017607539352      0.011990620606      0.000000000000
     -0.011990620606      0.032946535271      0.000000000000
      0.000000000000      0.000000000000     -0.006990326962
vector:                   1                   1                  20                   2
     -1.218201243887      2.109986448256     -3.898243980438
force constant matrix:
      0.020308016615      0.009899935838      0.000000000000
      0.033881177051     -0.004969020696      0.000000000000
      0.000000000000      0.000000000000     -0.006990326962
vector:                   1                   2                  20                   1
     -0.000000001218      2.813315263638     -1.949121990219
force constant matrix:
      0.140165932432      0.000000000000      0.000000000000
      0.000000000000     -0.182989666199      0.417590605372
      0.000000000000      0.417590605372     -0.370840051894
vector:                   2                   2                  20                   2
     -1.218201243887      2.109986448256     -3.898243980438
force constant matrix:
      0.020308016615      0.033881177051      0.000000000000
      0.009899935838     -0.004969020696      0.000000000000
      0.000000000000      0.000000000000     -0.006990326962
vector:                   1                   1                  21                   2
     -1.218201243887      2.109986448256      3.898243980438
force constant matrix:
      0.020308016615      0.009899935838      0.000000000000
      0.033881177051     -0.004969020696      0.000000000000
      0.000000000000      0.000000000000     -0.006990326962
vector:                   2                   1                  21                   1
     -2.436402486556      1.406657632874      1.949121990219
force constant matrix:
     -0.102200766542      0.139930478895      0.361644072634
      0.139930478895      0.059377032774     -0.208795302686
      0.361644072634     -0.208795302686     -0.370840051894
vector:                   2                   2                  21                   2
     -1.218201243887      2.109986448256      3.898243980438
force constant matrix:
      0.020308016615      0.033881177051      0.000000000000
      0.009899935838     -0.004969020696      0.000000000000
      0.000000000000      0.000000000000     -0.006990326962
vector:                   1                   1                  22                   2
     -1.218201243887     -2.109986448256     -3.898243980438
force constant matrix:
      0.020308016615     -0.033881177051      0.000000000000
     -0.009899935838     -0.004969020696      0.000000000000
      0.000000000000      0.000000000000     -0.006990326962
vector:                   1                   2                  22                   1
     -0.000000001218     -1.406657632874     -1.949121990219
force constant matrix:
     -0.256327665921      0.000000000000      0.000000000000
      0.000000000000     -1.473522986551     -1.685159176663
      0.000000000000     -1.685159176663     -1.388702202111
vector:                   2                   2                  22                   2
     -1.218201243887     -2.109986448256     -3.898243980438
force constant matrix:
      0.020308016615     -0.009899935838      0.000000000000
     -0.033881177051     -0.004969020696      0.000000000000
      0.000000000000      0.000000000000     -0.006990326962
vector:                   1                   1                  23                   2
     -1.218201243887     -2.109986448256      3.898243980438
force constant matrix:
      0.020308016615     -0.033881177051      0.000000000000
     -0.009899935838     -0.004969020696      0.000000000000
      0.000000000000      0.000000000000     -0.006990326962
vector:                   2                   1                  23                   2
     -2.436402486556     -2.813315263638      1.949121990219
force constant matrix:
     -0.016384157419     -0.040561386126      0.036795908561
     -0.040561386126     -0.063220411816     -0.021244127713
      0.036795908561     -0.021244127713     -0.068957330877
vector:                   2                   2                  23                   2
     -1.218201243887     -2.109986448256      3.898243980438
force constant matrix:
      0.020308016615     -0.009899935838      0.000000000000
     -0.033881177051     -0.004969020696      0.000000000000
      0.000000000000      0.000000000000     -0.006990326962
vector:                   1                   1                  24                   2
      1.218201243887      2.109986448256     -3.898243980438
force constant matrix:
      0.020308016615     -0.009899935838      0.000000000000
     -0.033881177051     -0.004969020696      0.000000000000
      0.000000000000      0.000000000000     -0.006990326962
vector:                   1                   2                  24                   2
      2.436402486556      2.813315263638     -1.949121990219
force constant matrix:
     -0.016384157419     -0.040561386126      0.036795908561
     -0.040561386126     -0.063220411816     -0.021244127713
      0.036795908561     -0.021244127713     -0.068957330877
vector:                   2                   2                  24                   2
      1.218201243887      2.109986448256     -3.898243980438
force constant matrix:
      0.020308016615     -0.033881177051      0.000000000000
     -0.009899935838     -0.004969020696      0.000000000000
      0.000000000000      0.000000000000     -0.006990326962
vector:                   1                   1                  25                   2
      1.218201243887      2.109986448256      3.898243980438
force constant matrix:
      0.020308016615     -0.009899935838      0.000000000000
     -0.033881177051     -0.004969020696      0.000000000000
      0.000000000000      0.000000000000     -0.006990326962
vector:                   2                   1                  25                   1
      0.000000001218      1.406657632874      1.949121990219
force constant matrix:
     -0.256327665921      0.000000000000      0.000000000000
      0.000000000000     -1.473522986551     -1.685159176663
      0.000000000000     -1.685159176663     -1.388702202111
vector:                   2                   2                  25                   2
      1.218201243887      2.109986448256      3.898243980438
force constant matrix:
      0.020308016615     -0.033881177051      0.000000000000
     -0.009899935838     -0.004969020696      0.000000000000
      0.000000000000      0.000000000000     -0.006990326962
vector:                   1                   1                  26                   2
      1.218201243887     -2.109986448256     -3.898243980438
force constant matrix:
      0.020308016615      0.033881177051      0.000000000000
      0.009899935838     -0.004969020696      0.000000000000
      0.000000000000      0.000000000000     -0.006990326962
vector:                   1                   2                  26                   1
      2.436402486556     -1.406657632874     -1.949121990219
force constant matrix:
     -0.102200766542      0.139930478895      0.361644072634
      0.139930478895      0.059377032774     -0.208795302686
      0.361644072634     -0.208795302686     -0.370840051894
vector:                   2                   2                  26                   2
      1.218201243887     -2.109986448256     -3.898243980438
force constant matrix:
      0.020308016615      0.009899935838      0.000000000000
      0.033881177051     -0.004969020696      0.000000000000
      0.000000000000      0.000000000000     -0.006990326962
vector:                   1                   1                  27                   2
      1.218201243887     -2.109986448256      3.898243980438
force constant matrix:
      0.020308016615      0.033881177051      0.000000000000
      0.009899935838     -0.004969020696      0.000000000000
      0.000000000000      0.000000000000     -0.006990326962
vector:                   2                   1                  27                   1
      0.000000001218     -2.813315263638      1.949121990219
force constant matrix:
      0.140165932432      0.000000000000      0.000000000000
      0.000000000000     -0.182989666199      0.417590605372
      0.000000000000      0.417590605372     -0.370840051894
vector:                   2                   2                  27                   2
      1.218201243887     -2.109986448256      3.898243980438
force constant matrix:
      0.020308016615      0.009899935838      0.000000000000
      0.033881177051     -0.004969020696      0.000000000000
      0.000000000000      0.000000000000     -0.006990326962
vector:                   1                   1                  28                   0
     -4.872804975548      0.000000000000      0.000000000000
force constant matrix:
      0.000000000000      0.000000000000      0.000000000000
      0.000000000000      0.000000000000      0.000000000000
      0.000000000000      0.000000000000      0.000000000000
vector:                   1                   2                  28                   2
     -3.654603732879      0.703328815382      1.949121990219
force constant matrix:
     -0.086638539015      0.000000000000      0.000000000000
      0.000000000000      0.007033969780     -0.042488255425
      0.000000000000     -0.042488255425     -0.068957330877
vector:                   2                   2                  28                   0
     -4.872804975548      0.000000000000      0.000000000000
force constant matrix:
      0.000000000000      0.000000000000      0.000000000000
      0.000000000000      0.000000000000      0.000000000000
      0.000000000000      0.000000000000      0.000000000000
vector:                   1                   1                  29                   0
      4.872804975548      0.000000000000      0.000000000000
force constant matrix:
      0.000000000000      0.000000000000      0.000000000000
      0.000000000000      0.000000000000      0.000000000000
      0.000000000000      0.000000000000      0.000000000000
vector:                   2                   1                  29                   2
      3.654603732879     -0.703328815382     -1.949121990219
force constant matrix:
     -0.086638539015      0.000000000000      0.000000000000
      0.000000000000      0.007033969780     -0.042488255425
      0.000000000000     -0.042488255425     -0.068957330877
vector:                   2                   2                  29                   0
      4.872804975548      0.000000000000      0.000000000000
force constant matrix:
      0.000000000000      0.000000000000      0.000000000000
      0.000000000000      0.000000000000      0.000000000000
      0.000000000000      0.000000000000      0.000000000000
vector:                   1                   1                  30                   0
     -2.436402487774      4.219972896511      0.000000000000
force constant matrix:
      0.000000000000      0.000000000000      0.000000000000
      0.000000000000      0.000000000000      0.000000000000
      0.000000000000      0.000000000000      0.000000000000
vector:                   1                   2                  30                   0
     -1.218201245105      4.923301711893      1.949121990219
force constant matrix:
      0.000000000000      0.000000000000      0.000000000000
      0.000000000000      0.000000000000      0.000000000000
      0.000000000000      0.000000000000      0.000000000000
vector:                   2                   1                  30                   0
     -3.654603730442      3.516644081129     -1.949121990219
force constant matrix:
      0.000000000000      0.000000000000      0.000000000000
      0.000000000000      0.000000000000      0.000000000000
      0.000000000000      0.000000000000      0.000000000000
vector:                   2                   2                  30                   0
     -2.436402487774      4.219972896511      0.000000000000
force constant matrix:
      0.000000000000      0.000000000000      0.000000000000
      0.000000000000      0.000000000000      0.000000000000
      0.000000000000      0.000000000000      0.000000000000
vector:                   1                   1                  31                   0
     -2.436402487774     -4.219972896511      0.000000000000
force constant matrix:
      0.000000000000      0.000000000000      0.000000000000
      0.000000000000      0.000000000000      0.000000000000
      0.000000000000      0.000000000000      0.000000000000
vector:                   1                   2                  31                   2
     -1.218201245105     -3.516644081129      1.949121990219
force constant matrix:
     -0.016384157419     -0.040561386126     -0.036795908561
     -0.040561386126     -0.063220411816      0.021244127713
     -0.036795908561      0.021244127713     -0.068957330877
vector:                   2                   2                  31                   0
     -2.436402487774     -4.219972896511      0.000000000000
force constant matrix:
      0.000000000000      0.000000000000      0.000000000000
      0.000000000000      0.000000000000      0.000000000000
      0.000000000000      0.000000000000      0.000000000000
vector:                   1                   1                  32                   0
      2.436402487774      4.219972896511      0.000000000000
force constant matrix:
      0.000000000000      0.000000000000      0.000000000000
      0.000000000000      0.000000000000      0.000000000000
      0.000000000000      0.000000000000      0.000000000000
vector:                   2                   1                  32                   2
      1.218201245105      3.516644081129     -1.949121990219
force constant matrix:
     -0.016384157419     -0.040561386126     -0.036795908561
     -0.040561386126     -0.063220411816      0.021244127713
     -0.036795908561      0.021244127713     -0.068957330877
vector:                   2                   2                  32                   0
      2.436402487774      4.219972896511      0.000000000000
force constant matrix:
      0.000000000000      0.000000000000      0.000000000000
      0.000000000000      0.000000000000      0.000000000000
      0.000000000000      0.000000000000      0.000000000000
vector:                   1                   1                  33                   0
      2.436402487774     -4.219972896511      0.000000000000
force constant matrix:
      0.000000000000      0.000000000000      0.000000000000
      0.000000000000      0.000000000000      0.000000000000
      0.000000000000      0.000000000000      0.000000000000
vector:                   1                   2                  33                   0
      3.654603730442     -3.516644081129      1.949121990219
force constant matrix:
      0.000000000000      0.000000000000      0.000000000000
      0.000000000000      0.000000000000      0.000000000000
      0.000000000000      0.000000000000      0.000000000000
vector:                   2                   1                  33                   0
      1.218201245105     -4.923301711893     -1.949121990219
force constant matrix:
      0.000000000000      0.000000000000      0.000000000000
      0.000000000000      0.000000000000      0.000000000000
      0.000000000000      0.000000000000      0.000000000000
vector:                   2                   2                  33                   0
      2.436402487774     -4.219972896511      0.000000000000
force constant matrix:
      0.000000000000      0.000000000000      0.000000000000
      0.000000000000      0.000000000000      0.000000000000
      0.000000000000      0.000000000000      0.000000000000
vector:                   1                   1                  34                   6
     -3.654603731661      2.109986448256     -3.898243980438
